7 -13 63 1223 1 70980096
7 -7 290 1123 1 304744192
25 0 134 1222 1 839983104
19 3 4 1210 1 982251520
19 -13 290 1223 1 994147584
13 -1 7 1211 1 1041946112
12 -2 514 1223 1 1056940800
7 -13 289 1222 1 1062845952
7 -9 25 1223 1 1063585536
7 -11 64 1223 1 1095572480
7 4 289 1162 1 1125628928
7 -8 62 1172 1 1146545408
12 -1 289 1223 1 1580072960
25 0 350 1223 1 1589284096
20 -6 290 938 1 2119388672
7 -1 59 950 1 2155474688
7 -13 51 883 1 2166494208
7 -2 289 1222 1 2228373504
20 -12 126 1223 1 2237678080
7 -16 63 669 1 2257278464
13 -8 12 1217 1 2332315392
7 -10 121 661 1 2343690496
13 -3 289 1223 1 2366669312
7 -2 15 813 1 2372567040
7 -1 288 1223 1 2417652992
7 -2 290 1222 1 2418150912
13 3 290 1000 1 2448337152
13 -3 9 1216 1 2508915200
13 -16 135 966 1 2539196160
7 -4 304 1223 1 2543580160
7 6 5 1214 1 2624351232
20 -1 16 538 1 2639134976
7 -5 17 1218 1 2640302848
7 -2 53 776 1 2652241664
7 -2 143 1223 1 2674960384
20 3 11 1213 1 2697038592
7 -10 22 1223 1 2707557632
7 0 135 1222 1 2709923584
7 -6 10 1223 1 2719131136
7 -3 131 1223 1 2784900608
7 -7 21 1197 1 2792489216
17 -10 11 1223 1 2801901568
8 -2 289 1223 1 2818311424
7 -11 54 815 1 2835545600
7 -4 130 789 1 2866794240
13 -1 9 653 1 3229215232
13 3 50 645 1 3238578944
13 6 297 1221 1 3238600192
13 -4 49 1223 1 3247798784
13 -2 48 1218 1 3256529152
13 -2 6 1222 1 3266093056
12 1 293 1044 1 3267974656
13 -1 20 1223 1 3269118464
14 1 10 781 1 3270581504
12 4 4 519 1 3281583616
13 0 303 1223 1 3289913600
20 6 120 1210 1 3404775680
20 0 6 608 1 3405498368
22 5 49 650 1 3406865408
7 -7 48 644 1 3436263424
7 0 291 1222 1 3448922112
7 2 291 1223 1 3449928704
7 5 290 1223 1 3450706944
7 5 66 664 1 3458200832
7 -9 289 1223 1 3469638912
7 5 2 842 1 3470061568
7 2 15 1223 1 3471290880
7 -2 289 1222 1 3513736192
7 -3 49 666 1 3519156480
12 4 33 1212 1 3565688064
13 -2 295 1223 1 3566962944
7 -7 20 1223 1 3627914496
13 -2 7 1223 1 3648745472
20 -8 13 1192 1 3711195648
