23
7020
22672
35647
53767
98907
106434
109134
109165
113037
117621
122269
522495
531694
772502
772788
773243
774195
774369
774590
775574
775725
776807
776960
778730
778737
779174
780614
786977
787196
788362
788392
788438
788671
789128
789381
789550
789556
789806
791911
792109
794436
794515
795166
795586
876344
876950
876951
878162
880190
881630
881891
882018
882172
885127
887048
943165
943204
943217
951532
951613
951628
951640
951954
952431
952443
952481
956109
956592
980763
981302
991599
998441
1054696
