7 -9 51 1223 1 68465152
7 -12 4 1124 1 69906432
7 -14 428 429 1 83332864
7 -5 547 665 1 184877568
7 -6 260 313 1 370546176
7 -15 4 1223 1 408937216
20 0 702 703 1 736759552
5 -8 446 619 1 961283840
19 3 3 1223 1 975103488
19 5 2 1223 1 1019194112
19 4 4 1223 1 1023145984
12 -4 7 1223 1 1042041344
13 -4 4 1223 1 1048289792
12 -3 2 1223 1 1051514112
7 -8 60 1223 1 1065189632
7 2 10 1223 1 1091525632
7 -8 5 1223 1 1098222848
7 -7 14 1223 1 1119406848
7 -17 8 1223 1 1130178304
7 -6 10 1223 1 1144969728
7 -4 7 1223 1 1151673856
7 -6 5 1223 1 1159901440
15 -1 6 1223 1 1294335744
13 -3 15 1223 1 1354032640
12 6 2 1223 1 1377000192
13 0 6 1223 1 1387853824
13 -17 5 1223 1 1388005376
13 0 5 1223 1 1393532160
14 -4 5 1223 1 1403699456
15 -12 2 1223 1 1410804480
13 -1 5 1223 1 1428445952
12 -5 252 252 1 1588333568
7 -4 515 515 1 1629779968
7 -4 1163 1163 1 1639969792
25 1 822 822 1 1677788160
19 -2 1202 1215 1 1899715840
22 1 2 1223 1 1932145152
20 -3 9 1223 1 2039771392
20 6 3 1223 1 2072773888
7 5 1106 1106 1 2153724160
12 -4 303 372 1 2197177856
7 2 821 821 1 2223305984
7 6 3 530 1 2317415424
19 4 627 627 1 2364671488
13 -13 836 836 1 2373160192
7 -7 2 1223 1 2385437440
13 0 294 423 1 2462101760
7 0 10 1223 1 2494627840
7 -5 492 492 1 2554554112
7 4 814 1106 1 2635493376
20 3 11 1213 1 2697038592
7 -14 538 979 1 2715810304
7 -10 644 712 1 2835072256
7 -7 5 1223 1 2903090176
25 -7 1142 1142 1 2906554368
25 -6 541 541 1 2939302400
7 3 7 1223 1 3223286272
14 -1 294 1212 1 3260918016
7 -10 301 670 1 3329701888
7 -17 289 355 1 3330754048
7 -1 125 1223 1 3341190144
7 -6 685 685 1 3351251712
5 -9 18 1223 1 3357657600
8 -5 5 1223 1 3364644608
8 -6 4 1223 1 3366436096
8 -7 6 1223 1 3369194752
8 -6 6 1223 1 3370678272
8 -9 4 1223 1 3375120384
19 2 5 1223 1 3396100608
22 5 49 650 1 3406865408
22 -9 5 1223 1 3407529728
19 4 3 1223 1 3413971200
20 -1 4 1223 1 3421863680
7 -7 50 1223 1 3429238272
7 -13 3 1223 1 3431625472
7 5 131 1215 1 3452746240
7 -8 48 1222 1 3467580672
7 -7 50 1223 1 3475296512
7 -10 624 695 1 3478598400
7 -1 5 533 1 3479747328
7 -3 4 1223 1 3492878592
7 -1 6 1223 1 3494436352
7 1 21 288 1 3497480448
7 -11 446 955 1 3515322880
7 -5 131 277 1 3519342080
20 -9 302 1223 1 3533601280
13 -2 6 1223 1 3563671808
12 -4 5 1223 1 3573079808
13 -10 3 1223 1 3575288320
13 0 6 1223 1 3585390336
13 -4 8 1223 1 3586803456
7 -3 60 1223 1 3625344000
7 -7 20 1223 1 3627914496
13 -1 4 1215 1 3655147776
20 -3 1138 1138 1 3675613440
20 5 649 650 1 3694522112
20 -17 2 1223 1 3696102912
20 -1 398 416 1 3712521472
20 -5 252 252 1 3723567104
19 1 581 624 1 3738129664
