14
18
796
5014
7086
9162
22637
22686
25585
76679
81517
98952
102698
103943
109225
112421
113641
116597
118668
122093
123564
126067
173495
254796
276185
287400
287505
293706
308685
315945
341216
530507
548663
550417
557015
560338
578563
673591
714509
772719
773887
774131
775088
776773
776969
777724
779501
780061
787788
788387
789381
789719
795155
798902
799694
804227
876199
880930
888773
888776
888935
889080
890767
901386
903785
906537
907942
915771
938787
943217
943236
946016
950645
951223
951452
951684
952360
952716
952989
953030
954306
954570
955207
956223
956624
961075
979988
982989
984129
988921
989568
991224
991599
1002674
1024812
1036878
1037631
1054715
1066611
1085114
