530563
530564
530565
530566
530567
530568
530569
530570
530571
530572
530573
530574
530575
530576
530577
530578
530579
530580
530581
530582
530583
530584
530585
530586
530587
530588
530589
530590
530591
530592
530593
530594
530595
530596
530597
530598
530599
530600
530601
530602
530603
530604
530605
530606
530607
530608
530609
530610
530611
530612
530613
530614
530615
530616
530617
530618
530619
530620
530621
530622
530623
530624
530625
530626
530627
530628
530629
530630
530631
530632
530633
530634
530635
530636
530637
530638
530639
530640
530641
530642
530643
530644
530645
530646
530647
530648
530649
530650
530651
530652
530653
530654
530655
530656
530657
530658
530659
530660
530661
530662
530663
530664
530665
530666
530667
530668
530669
530670
530671
530672
530673
530674
530675
530676
530677
530678
530679
530680
530681
530682
530683
530684
530685
530686
530687
530688
530689
530690
530691
530692
530693
530694
530695
530696
530697
530698
530699
530700
530701
530702
530703
530704
530705
530706
530707
530708
530709
530710
530711
530712
530713
530714
530715
530716
530717
530718
530719
530720
530721
530722
530723
530724
530725
530726
530727
530728
530729
530730
530731
530732
530733
530734
530735
530736
530737
530738
530739
530740
530741
530742
530743
530744
530745
530746
530747
530748
530749
530750
530751
530752
530753
530754
530755
530756
530757
530758
530759
530760
530761
530762
530763
530764
530765
530766
530767
530768
530769
530770
530771
530772
530773
530774
530775
530776
530777
530778
530779
530780
530781
530782
530783
530784
530785
530786
530787
530788
530789
530790
530791
530792
530793
530794
530795
530796
530797
530798
530799
530800
530801
530802
530803
530804
530805
530806
530807
530808
530809
530810
530811
530812
530813
530814
530815
530816
530817
530818
530819
530820
530821
530822
530823
530824
530825
530826
530827
530828
530829
530830
530831
530832
530833
530834
530835
530836
530837
530838
530839
530840
530841
530842
530843
530844
530845
530846
530847
530848
530849
530850
530851
530852
530853
530854
530855
530856
530857
530858
530859
530860
530861
530862
530863
530864
530865
530866
530867
530868
530869
530870
530871
530872
530873
530874
530875
530876
530877
530878
530879
530880
530881
530882
530883
530884
530885
530886
530887
530888
530889
530890
530891
530892
530893
530894
530895
530896
530897
530898
530899
530900
530901
530902
530903
530904
530905
530906
530907
530908
530909
530910
530911
530912
530913
530914
530915
530916
530917
530918
530919
530920
530921
530922
530923
530924
530925
530926
530927
530928
530929
530930
530931
530932
530933
530934
530935
530936
530937
530938
530939
530940
530941
530942
530943
530944
530945
530946
530947
530948
530949
530950
530951
530952
530953
530954
530955
530956
530957
530958
530959
530960
530961
530962
530963
530964
530965
530966
530967
530968
530969
530970
530971
530972
530973
530974
530975
530976
530977
530978
530979
530980
530981
530982
530983
530984
530985
530986
530987
530988
530989
530990
530991
530992
530993
530994
530995
530996
530997
530998
530999
531000
531001
531002
531003
531004
531005
531006
531007
531008
531009
531010
531011
531012
531013
531014
531015
531016
531017
531018
531019
531020
531021
531022
531023
531024
531025
531026
531027
531028
531029
531030
531031
531032
531033
531034
531035
531036
531037
531038
531039
531040
531041
531042
531043
531044
531045
531046
531047
531048
531049
531050
531051
531052
531053
