14 -7 16 1222 192 1588723968
14 -11 19 1221 178 1588724224
14 -12 16 1221 183 1588724480
14 -12 16 1223 187 1588724736
14 -10 15 1223 182 1588724992
14 -12 16 1223 179 1588725248
14 -9 17 1223 176 1588725504
14 -12 17 1223 184 1588725760
14 -8 16 1219 196 1588726016
14 -11 16 1223 195 1588726272
14 -11 12 1221 184 1588726528
14 -10 10 1223 193 1588726784
14 -12 12 1223 185 1588727040
14 -11 13 1213 189 1588727296
14 -12 13 1222 173 1588727552
14 -11 12 1220 187 1588727808
14 -11 10 1212 177 1588728064
14 -12 6 1223 177 1588728320
14 -8 30 1222 180 1588728576
14 -11 17 1219 173 1588728832
14 -11 13 1222 185 1588729088
14 -10 6 1223 209 1588729344
14 -9 14 1221 182 1588729600
14 -11 10 1221 188 1588729856
14 -10 13 1223 192 1588730112
14 -11 12 1219 191 1588730368
14 -10 12 1221 202 1588730624
14 -10 13 1222 180 1588730880
14 -11 13 1214 175 1588731136
14 -13 17 1223 188 1588731392
14 -12 14 1217 177 1588731648
14 -11 9 1223 182 1588731904
14 -13 8 1216 191 1588732160
14 -11 10 1220 179 1588732416
14 -12 14 1219 193 1588732672
14 -11 14 1223 198 1588732928
14 -12 12 1218 186 1588733184
14 -12 14 1222 175 1588733440
14 -11 10 1221 181 1588733696
14 -12 17 1223 189 1588733952
14 -11 14 1217 190 1588734208
14 -12 18 1223 187 1588734464
14 -11 14 1223 194 1588734720
14 -11 15 1223 180 1588734976
14 -11 18 1223 197 1588735232
14 -11 16 1222 186 1588735488
14 -12 15 1222 192 1588735744
14 -8 16 1221 188 1588736000
14 -11 18 1222 192 1588736256
14 -11 15 1213 183 1588736512
14 -13 15 1223 177 1588736768
14 -11 18 1223 180 1588737024
14 -12 15 1222 193 1588737280
14 -10 15 1220 199 1588737536
14 -9 18 1223 192 1588737792
14 -12 19 1222 178 1588738048
14 -10 4 1221 184 1588738304
14 -11 16 1223 187 1588738560
14 -12 3 1218 185 1588738816
14 -12 16 1221 190 1588739072
14 -11 16 1223 182 1588739328
14 -12 12 1219 181 1588739584
14 -11 16 1218 191 1588739840
14 -1 11 1221 248 1588740096
14 0 15 1223 243 1588740352
14 0 3 1223 246 1588740608
14 -1 13 1223 248 1588740864
14 -1 9 1223 249 1588741120
14 -1 7 1223 249 1588741376
14 1 8 1223 246 1588741632
14 0 8 1223 248 1588741888
14 -1 3 1223 250 1588742144
14 -1 9 1223 251 1588742400
14 0 8 1223 245 1588742656
14 -1 8 1223 247 1588742912
14 -1 9 1223 244 1588743168
14 -1 7 1223 250 1588743424
14 -2 2 1223 247 1588743680
14 0 8 1223 250 1588743936
14 0 2 1222 244 1588744192
14 -6 3 1223 252 1588744448
14 -1 2 1223 250 1588744704
14 -1 7 1223 250 1588744960
14 0 3 1223 246 1588745216
14 -2 8 1223 247 1588745472
14 -1 6 1223 247 1588745728
14 -2 6 1223 249 1588745984
14 0 9 1223 246 1588746240
14 0 7 1223 251 1588746496
14 -1 9 1223 246 1588746752
14 -1 6 1222 243 1588747008
14 0 3 1223 249 1588747264
14 0 7 1223 251 1588747520
14 0 7 1223 252 1588747776
14 -1 13 1223 248 1588748032
14 0 7 1223 245 1588748288
14 -1 3 1223 243 1588748544
14 -2 7 1223 247 1588748800
14 -1 5 1221 248 1588749056
14 0 7 1223 251 1588749312
14 0 11 1223 251 1588749568
14 -1 3 1223 252 1588749824
14 -1 9 1222 243 1588750080
14 -1 6 1223 246 1588750336
14 0 7 1223 251 1588750592
14 -2 7 1223 247 1588750848
14 -1 6 1221 250 1588751104
14 -1 9 1220 250 1588751360
14 -1 6 1223 249 1588751616
14 -1 9 1223 254 1588751872
14 -1 8 1223 248 1588752128
14 -2 11 1221 247 1588752384
14 -1 4 1223 246 1588752640
14 -1 13 1223 246 1588752896
14 -1 10 1223 249 1588753152
14 -1 5 1223 241 1588753408
14 0 9 1223 246 1588753664
14 -1 4 1223 247 1588753920
14 -2 7 1223 249 1588754176
14 -1 6 1223 244 1588754432
14 -1 9 1222 247 1588754688
14 -1 13 1223 250 1588754944
14 -1 3 1223 247 1588755200
14 -3 7 1223 241 1588755456
14 -1 7 1223 251 1588755712
14 0 2 1222 250 1588755968
14 -1 8 1223 246 1588756224
14 -5 7 1220 240 1588756480
14 -5 11 1223 240 1588756736
14 -5 12 1223 239 1588756992
14 -6 9 1223 241 1588757248
14 -6 11 1223 246 1588757504
14 -6 11 1221 246 1588757760
14 -5 3 1223 244 1588758016
14 -5 10 1223 241 1588758272
14 -2 5 1219 248 1588758528
14 -2 7 1223 249 1588758784
14 -1 7 1223 247 1588759040
14 -2 7 1222 248 1588759296
14 -1 7 1221 250 1588759552
14 -1 7 1220 249 1588759808
14 -1 9 1219 247 1588760064
14 -1 8 1219 244 1588760320
14 -2 10 1223 249 1588760576
14 -2 7 1223 246 1588760832
14 -2 7 1223 245 1588761088
14 -2 8 1223 241 1588761344
14 -2 9 1221 248 1588761600
14 -2 8 1223 236 1588761856
14 -2 10 1222 239 1588762112
14 -2 12 1222 246 1588762368
14 -2 8 1223 248 1588762624
14 -2 8 1223 242 1588762880
14 -2 8 1223 246 1588763136
14 -2 7 1223 245 1588763392
14 -2 7 1223 244 1588763648
14 -2 7 1223 246 1588763904
14 -2 8 1223 241 1588764160
14 -2 13 1222 243 1588764416
14 -3 7 1223 245 1588764672
14 -2 7 1223 251 1588764928
14 -1 5 1223 242 1588765184
14 -2 8 1223 244 1588765440
14 -1 11 1222 249 1588765696
14 -4 14 1223 245 1588765952
14 -2 7 1222 248 1588766208
14 -2 5 1223 244 1588766464
14 -6 11 1221 237 1588766720
14 -5 9 1223 246 1588766976
14 -4 6 1222 245 1588767232
14 -4 11 1223 248 1588767488
14 -4 17 1222 244 1588767744
14 -3 11 1223 239 1588768000
14 -4 2 1218 243 1588768256
14 -4 11 1222 239 1588768512
14 -9 7 1220 231 1588768768
14 -5 4 1220 229 1588769024
14 -11 14 1223 236 1588769280
14 -8 12 1220 231 1588769536
14 -5 2 1223 237 1588769792
14 -8 6 1222 237 1588770048
14 -6 12 1223 236 1588770304
14 -6 8 1219 242 1588770560
14 -1 450 471 3 1588770816
14 -12 522 523 1 1588771072
14 -10 1145 1145 1 1588771328
14 -2 1147 1162 2 1588771584
14 -3 7 1221 233 1588772864
14 -2 11 1222 232 1588773120
14 -8 6 1219 233 1588773376
14 -3 10 1223 235 1588773632
14 -3 10 1219 238 1588773888
14 -2 8 1223 230 1588774144
14 -2 3 1223 228 1588774400
14 -2 8 1223 231 1588774656
14 -2 9 1219 227 1588774912
14 -3 3 1222 241 1588775168
14 -10 10 1223 235 1588775424
14 -3 9 1221 231 1588775680
14 -2 10 1223 222 1588775936
14 -3 9 1223 244 1588776192
14 -2 7 1223 234 1588776448
14 -2 6 1223 235 1588776704
14 -3 11 1222 243 1588776960
14 -3 12 1222 250 1588777216
14 -3 4 1223 247 1588777472
14 -3 9 1223 246 1588777728
14 -3 9 1222 242 1588777984
14 -4 4 1223 245 1588778240
14 -4 10 1223 246 1588778496
14 -3 2 1223 247 1588778752
14 -3 9 1220 247 1588779008
14 -3 5 1221 241 1588779264
14 -3 7 1223 243 1588779520
14 -3 6 1222 234 1588779776
14 -3 9 1223 249 1588780032
14 -3 3 1220 249 1588780288
14 -4 6 1223 248 1588780544
14 -2 10 1223 247 1588780800
14 -12 17 1217 177 1588781056
14 -11 7 1221 194 1588781312
14 -12 17 1221 190 1588781568
14 -11 17 1223 195 1588781824
14 -11 17 1218 180 1588782080
14 -12 11 1221 183 1588782336
14 -12 18 1223 196 1588782592
14 -12 17 1222 184 1588782848
14 -12 113 1217 65 1588783104
14 -13 113 1186 67 1588783360
14 -13 113 1171 74 1588783616
14 -13 161 1171 50 1588783872
14 -13 114 1171 51 1588784128
14 -12 19 1180 59 1588784384
14 -12 129 1172 57 1588784640
14 -12 113 1203 64 1588784896
14 -3 9 1223 245 1588789248
14 -2 8 1219 244 1588789504
14 -3 6 1223 250 1588789760
14 -2 6 1223 246 1588790016
14 -2 7 1223 245 1588790272
14 -3 7 1223 248 1588790528
14 -4 8 1222 244 1588790784
14 -3 2 1223 249 1588791040
14 -2 6 1221 244 1588791296
14 -2 8 1223 241 1588791552
14 -3 5 1223 247 1588791808
14 -3 6 1223 249 1588792064
14 -6 9 1223 248 1588792320
14 -2 11 1223 250 1588792576
14 -1 9 1223 244 1588792832
14 -3 9 1218 241 1588793088
14 -3 11 1223 248 1588793344
14 -6 6 1221 243 1588793600
14 -2 11 1221 248 1588793856
14 -2 8 1223 249 1588794112
14 -1 11 1223 249 1588794368
14 -2 10 1223 247 1588794624
14 -2 7 1223 250 1588794880
14 -1 12 1223 247 1588795136
14 -3 6 1223 251 1588795392
14 -3 9 1223 243 1588795648
14 -2 3 1223 247 1588795904
14 -2 8 1221 246 1588796160
14 -2 7 1223 253 1588796416
14 -2 4 1221 248 1588796672
14 -2 10 1223 246 1588796928
14 -4 8 1221 247 1588797184
14 -6 13 1222 232 1588797440
14 -7 7 1221 246 1588797696
14 -8 12 1219 237 1588797952
14 -7 7 1223 238 1588798208
14 -10 12 1218 235 1588798464
14 -7 7 1221 238 1588798720
14 -6 7 1219 234 1588798976
14 -7 7 1222 234 1588799232
14 -12 15 1221 200 1588799488
14 -11 12 1219 202 1588799744
14 -12 14 1223 196 1588800000
14 -11 15 1223 195 1588800256
14 -12 15 1221 192 1588800512
14 -12 10 1220 200 1588800768
14 -11 14 1213 188 1588801024
14 -12 14 1220 199 1588801280
14 -2 9 1223 248 1588801536
14 -4 4 1223 248 1588801792
14 -1 9 1221 249 1588802048
14 -3 10 1223 246 1588802304
14 -3 3 1223 248 1588802560
14 -2 3 1223 248 1588802816
14 -3 9 1223 251 1588803072
14 -8 8 1223 248 1588803328
14 -1 7 1223 251 1588803584
14 -2 7 1223 250 1588803840
14 -2 7 1222 251 1588804096
14 -1 5 1223 248 1588804352
14 -1 6 1223 251 1588804608
14 -1 6 1223 246 1588804864
14 -2 8 1223 251 1588805120
14 -1 7 1223 250 1588805376
14 -5 14 1223 244 1588805632
14 -6 11 1221 248 1588805888
14 -5 3 1223 242 1588806144
14 -6 11 1223 244 1588806400
14 -4 9 1220 234 1588806656
14 -6 9 1220 240 1588806912
14 -6 8 1222 242 1588807168
14 -5 17 1222 230 1588807424
14 -7 11 1223 234 1588807680
14 -7 12 1223 232 1588807936
14 -7 12 1221 241 1588808192
14 -10 13 1223 234 1588808448
14 -6 14 1223 239 1588808704
14 -7 10 1223 232 1588808960
14 -7 14 1221 238 1588809216
14 -6 5 1223 233 1588809472
14 -12 15 1223 228 1588809728
14 -12 11 1223 224 1588809984
14 -12 17 1218 230 1588810240
14 -10 15 1221 219 1588810496
14 -11 14 1223 217 1588810752
14 -10 15 1223 232 1588811008
14 -10 4 1222 212 1588811264
14 -11 7 1223 225 1588811520
14 -12 17 1218 180 1588811776
14 -9 17 1223 172 1588812032
14 -12 18 1218 167 1588812288
14 -11 8 1218 163 1588812544
14 -12 18 1223 175 1588812800
14 -11 16 1219 183 1588813056
14 -12 22 1220 174 1588813312
14 -11 16 1215 164 1588813568
14 -2 8 1223 226 1588813824
14 -2 5 1222 232 1588814080
14 -2 8 1221 233 1588814336
14 -2 8 1223 237 1588814592
14 -2 8 1223 233 1588814848
14 -2 8 1223 241 1588815104
14 -2 7 1220 237 1588815360
14 -2 8 1222 240 1588815616
14 -12 18 1169 67 1588815872
14 -12 9 1146 79 1588816128
14 -12 5 1193 86 1588816384
14 -12 17 1173 71 1588816640
14 -12 17 1171 66 1588816896
14 -12 4 1208 72 1588817152
14 -12 17 1210 62 1588817408
14 -13 20 1215 73 1588817664
14 -8 753 785 10 1588817920
14 -5 755 761 2 1588818176
14 -10 758 761 2 1588818432
14 -13 759 781 7 1588818688
14 -10 759 782 8 1588818944
14 -10 759 784 4 1588819200
14 -4 760 782 5 1588819456
14 0 760 778 5 1588819712
14 -2 7 1223 241 1588819968
14 -3 4 1223 248 1588820224
14 -2 9 1219 247 1588820480
14 -1 9 1223 239 1588820736
14 -2 8 1223 247 1588820992
14 -2 9 1223 251 1588821248
14 -2 4 1223 244 1588821504
14 -2 8 1223 248 1588821760
14 -14 11 1209 251 1588822016
14 -12 5 1216 250 1588822272
14 -13 5 1215 249 1588822528
14 -12 10 1223 249 1588822784
14 -9 3 1222 244 1588823040
14 -10 4 1216 243 1588823296
14 -13 12 1219 248 1588823552
14 -12 5 1216 248 1588823808
14 -10 10 1219 237 1588824064
14 -13 3 1221 240 1588824320
14 -2 11 1223 246 1588824576
14 -8 5 1220 235 1588824832
14 -9 14 1216 240 1588825088
14 -11 7 1217 242 1588825344
14 -8 7 1222 227 1588825600
14 -4 10 1217 235 1588825856
14 -11 9 1222 243 1588826112
14 -9 13 1216 239 1588826368
14 -7 8 1217 246 1588826624
14 -5 6 1222 240 1588826880
14 -10 10 1174 235 1588827136
14 -5 11 1218 235 1588827392
14 -9 13 1221 250 1588827648
14 -11 7 1218 238 1588827904
14 -3 11 1213 233 1588828160
14 -7 7 1222 248 1588828416
14 -12 6 1219 245 1588828672
14 -14 8 1220 249 1588828928
14 -11 11 1217 251 1588829184
14 -11 7 1221 246 1588829440
14 -12 5 1217 251 1588829696
14 -12 2 1220 249 1588829952
14 -7 15 1217 234 1588830208
14 -3 4 1221 244 1588830464
14 -3 14 1218 242 1588830720
14 -2 11 1220 242 1588830976
14 -10 12 1221 244 1588831232
14 -4 8 1218 246 1588831488
14 -10 3 1220 248 1588831744
14 -9 9 1215 243 1588832000
14 -12 12 1221 248 1588832256
14 -14 7 1222 248 1588832512
14 -12 7 1222 249 1588832768
14 -12 11 1220 246 1588833024
14 -12 15 1220 247 1588833280
14 -12 10 1223 240 1588833536
14 -12 6 1218 244 1588833792
14 -10 8 1223 241 1588834048
14 -12 8 1221 249 1588834304
14 -11 11 1222 241 1588834560
14 -11 8 1219 249 1588834816
14 -2 13 1216 236 1588835072
14 -9 12 1219 248 1588835328
14 -11 8 1219 239 1588835584
14 -12 7 1218 238 1588835840
14 -6 12 1223 244 1588836096
14 -2 3 1223 246 1588836352
14 -10 9 1221 250 1588836608
14 -4 9 1220 238 1588836864
14 -3 17 1223 247 1588837120
14 -9 14 1222 241 1588837376
14 -13 9 1222 238 1588837632
14 -11 13 1213 214 1588837888
14 -8 9 1221 166 1588838144
14 -10 16 1223 181 1588838400
14 -12 6 1222 174 1588838656
14 -7 12 1212 180 1588838912
14 -9 10 1223 177 1588839168
14 -12 8 1219 176 1588839424
14 -12 17 1219 172 1588839680
14 -1 14 1221 177 1588839936
14 -10 13 1220 169 1588840192
14 -9 8 1217 184 1588840448
14 -5 6 1221 176 1588840704
14 -5 6 1220 181 1588840960
14 -12 4 1214 171 1588841216
14 -13 8 1219 187 1588841472
14 -9 5 1218 170 1588841728
14 -11 4 1223 183 1588841984
14 -11 9 1220 175 1588842240
14 -14 10 1221 185 1588842496
14 -6 5 1220 168 1588842752
14 -13 15 1220 176 1588843008
14 -6 5 1221 176 1588843264
14 -6 9 1221 182 1588843520
14 -6 8 1222 181 1588843776
14 -12 11 1223 180 1588844032
14 -12 8 1221 179 1588844288
14 -12 8 1221 191 1588844544
14 -13 7 1219 184 1588844800
14 -12 16 1222 186 1588845056
14 -11 2 1220 180 1588845312
14 -11 13 1221 188 1588845568
14 -10 14 1219 168 1588845824
14 -12 15 1221 175 1588846080
14 -5 7 1223 170 1588846336
14 -11 10 1223 190 1588846592
14 -6 8 1221 177 1588846848
14 -14 12 1217 191 1588847104
14 -14 12 1213 166 1588847360
14 -13 5 1222 175 1588847616
14 -12 8 1220 175 1588847872
14 -14 14 1221 185 1588848128
14 -13 8 1221 184 1588848384
14 -6 7 1217 169 1588848640
14 -8 12 1221 177 1588848896
14 -11 6 1221 176 1588849152
14 -3 6 1223 167 1588849408
14 -5 19 1220 185 1588849664
14 -10 11 1218 177 1588849920
14 -12 9 1220 184 1588850176
14 -11 8 1222 195 1588850432
14 -10 7 1222 179 1588850688
14 -8 9 1220 182 1588850944
14 -10 8 1223 183 1588851200
14 -13 11 1222 174 1588851456
14 -13 10 1219 180 1588851712
14 -10 12 1222 182 1588851968
14 -12 13 1220 168 1588852224
14 -13 11 1218 197 1588852480
14 -6 9 1218 185 1588852736
14 -11 15 1223 177 1588852992
14 -11 10 1214 164 1588853248
14 -8 13 1219 178 1588853504
14 -9 9 1218 182 1588853760
14 -2 8 1085 164 1588854016
14 -3 11 644 148 1588854272
14 -14 10 644 140 1588854528
