6710
12005
18534
38710
38980
38988
46468
47943
59821
61925
82244
83270
83678
83905
101794
102977
103839
106306
110015
113699
115997
129210
140240
140244
148534
156027
156139
173856
189121
189672
189909
191938
201839
216288
228353
248826
249192
258289
258293
258482
259198
283411
283695
285879
314550
336245
338560
340363
354830
382657
382677
387943
398917
399514
407802
408262
418282
427224
439708
439947
480327
483396
483496
503717
548773
557933
565995
594116
628543
669069
726415
740880
764122
764223
767525
772206
772264
772822
778401
780347
781203
781256
789134
809968
845952
877158
877326
877750
877826
879357
879815
880219
880863
882083
882743
883081
883437
883757
883819
884663
886420
886661
887603
888946
889284
890636
892036
892436
895629
900862
903500
906927
907871
908937
911062
915884
917095
923847
940094
945468
948802
950327
950403
950559
951603
951823
957512
959589
960135
962383
968566
971581
972396
974246
976203
979003
980441
980628
982600
983731
984184
985780
986050
989933
990843
992180
994203
998377
999803
1000678
1018780
1024903
1035496
1057793
