7 -7 23 1223 1 213866752
7 3 808 1223 1 539624448
14 -10 856 1193 1 702422272
20 -17 2 1212 1 984950528
19 5 48 1223 1 985231104
19 3 127 176 1 985245696
20 6 5 1211 1 990323456
20 2 11 941 1 991426560
17 -11 303 667 1 1000691456
20 5 6 191 1 1002062848
19 -11 293 824 1 1023817472
20 3 943 1223 1 1025514240
20 5 9 1017 1 1025866240
20 -17 2 1209 1 1026068736
13 6 66 1223 1 1046825728
15 -9 109 1223 1 1049425920
13 -5 653 1223 1 1051208960
14 -4 367 1164 1 1056184832
7 4 289 1118 1 1075224576
7 3 289 1204 1 1098746368
7 -8 303 1223 1 1115643648
7 -8 20 1220 1 1173426944
7 -16 45 333 1 1193803520
7 -1 51 1223 1 1193818880
7 -7 14 1223 1 1209505536
7 -15 116 833 1 1254781696
7 5 52 1223 1 1255470848
14 -1 292 1220 1 1294631168
13 -3 325 1223 1 1306739200
15 -6 135 1212 1 1307162368
16 0 293 1089 1 1307400704
13 -3 296 1215 1 1309005312
14 -17 307 474 1 1317191680
13 -8 8 1216 1 1328007168
13 -2 290 1223 1 1334456064
15 -4 299 1187 1 1348044800
14 -4 294 1187 1 1348537600
15 -3 31 1217 1 1359556608
15 -11 7 1223 1 1359558400
16 -5 14 1220 1 1359751168
15 -2 2 1217 1 1360681472
13 5 25 969 1 1383224064
13 -9 128 1189 1 1383450112
13 -13 22 1219 1 1385210112
13 -11 9 1220 1 1409390848
12 -4 16 876 1 1422647552
13 -8 296 1219 1 1425295616
13 -4 15 1136 1 1427272192
16 1 293 1140 1 1439048960
13 -10 4 968 1 1461200640
13 -2 297 1216 1 1461208832
14 -11 11 1222 1 1467567616
13 -12 58 1221 1 1475478272
13 -2 15 1189 1 1476046592
13 -1 4 1223 1 1479670272
13 -2 298 1212 1 1480293632
13 -3 328 628 1 1490844672
14 -7 297 1174 1 1495541760
13 -4 36 1091 1 1506519552
13 -2 9 1215 1 1506679040
13 -13 308 1218 1 1536187648
14 -2 48 806 1 1539780864
15 -2 14 1223 1 1539928064
13 -9 17 1223 1 1559337472
7 -12 96 1071 1 1631749632
20 -4 4 1223 1 1884049920
20 6 291 1212 1 1917192704
20 5 290 1209 1 1948592896
20 -11 6 1219 1 1988348416
19 -5 2 1223 1 2036403200
20 4 291 1223 1 2080479744
20 -17 24 771 1 2089501696
20 5 817 1212 1 2106112000
20 6 8 796 1 2106186496
20 2 301 1134 1 2109335040
20 5 3 484 1 2113111808
20 5 291 1157 1 2113172480
20 5 4 1223 1 2156273152
13 -6 654 1184 1 2405266688
5 -7 14 1201 1 2498337280
13 -5 298 1217 1 2533966592
13 -2 4 1223 1 2534160896
12 2 5 1213 1 2676382976
8 -13 982 1223 1 3140676352
5 6 3 1223 1 3184046592
15 2 4 1223 1 3240224768
13 -17 67 1221 1 3241558784
14 -1 297 493 1 3245145600
13 -5 11 325 1 3245259520
13 -10 13 1223 1 3252864768
7 -7 315 1118 1 3254493696
14 -1 7 1221 1 3256588544
15 -4 4 1223 1 3260375296
16 1 292 1163 1 3269540608
14 -7 3 1223 1 3272899840
15 -2 296 1215 1 3273786880
13 -2 296 1211 1 3275186432
13 -17 290 1223 1 3275954688
14 -13 13 1125 1 3276130048
13 -9 14 1220 1 3279280896
13 -2 48 1223 1 3286981376
13 -2 8 1208 1 3287888384
14 -3 133 1190 1 3301611520
7 -3 104 1213 1 3342879232
7 -7 135 785 1 3355694848
7 -7 289 1223 1 3357485568
5 -13 667 959 1 3358885632
8 -7 133 1221 1 3359257088
7 -4 299 328 1 3361197312
8 -7 14 1221 1 3363853312
8 -16 10 1223 1 3366253824
8 -16 304 1222 1 3369668864
8 -7 42 1223 1 3370550272
8 -11 303 1223 1 3372097024
8 -9 62 1223 1 3372993536
8 -6 13 1223 1 3375225600
8 -3 19 92 1 3375865344
5 -12 289 1222 1 3380765696
17 -6 292 1223 1 3398260480
18 -12 158 1201 1 3413180416
19 -16 135 568 1 3418797824
20 3 16 177 1 3421021696
20 6 8 1223 1 3421151744
20 6 2 1163 1 3421536512
7 -16 25 1222 1 3448822272
7 -9 12 326 1 3454868736
17 -6 12 1168 1 3524422400
20 5 289 1207 1 3530060032
20 6 6 1223 1 3530867712
20 6 288 1223 1 3536825088
20 0 288 1185 1 3547479296
20 1 98 1009 1 3551920896
20 6 290 1210 1 3553036544
20 5 313 1178 1 3554234624
20 6 312 1203 1 3556581632
14 -11 301 1044 1 3561587456
14 -9 256 662 1 3564589568
13 -10 629 1223 1 3564836864
15 -9 8 775 1 3571205632
13 -2 15 1220 1 3574693888
13 -3 6 1223 1 3575366912
13 -12 831 1218 1 3578889472
14 -1 14 1142 1 3579563776
13 -10 302 1216 1 3587386112
15 -3 296 1223 1 3589793280
7 -7 51 1223 1 3631632896
13 -3 8 1223 1 3642553088
13 -10 19 1202 1 3648378624
13 -17 50 1223 1 3649825792
16 -14 184 1170 1 3651710976
20 5 311 528 1 3667504896
17 0 125 1215 1 3678414336
19 4 296 1208 1 3689430528
20 5 14 1206 1 3718351104
